	ERR178926	ERR178929	SRR1566386	SRR2566901	SRR3664651	SRR3665129
ERR178926	0	110	47	58	56	52
ERR178929	110	0	114	122	121	116
SRR1566386	47	114	0	56	58	49
SRR2566901	58	122	56	0	67	15
SRR3664651	56	121	58	67	0	60
SRR3665129	52	116	49	15	60	0
