	ERR178926	ERR178929	SRR1566386	SRR2566901	SRR3664651	SRR3665129
ERR178926	0	107	49	58	56	52
ERR178929	107	0	112	119	118	113
SRR1566386	49	112	0	58	59	50
SRR2566901	58	119	58	0	67	15
SRR3664651	56	118	59	67	0	60
SRR3665129	52	113	50	15	60	0
