	ERR178926	ERR178929	SRR1566386	SRR2566901	SRR3664651	SRR3665129
ERR178926	0	104	49	60	59	52
ERR178929	104	0	106	117	119	109
SRR1566386	49	106	0	58	63	49
SRR2566901	60	117	58	0	75	17
SRR3664651	59	119	63	75	0	65
SRR3665129	52	109	49	17	65	0
