	ERR178926	ERR178929	SRR1566386	SRR2566901	SRR3664651	SRR3665129
ERR178926	0	107	49	58	56	52
ERR178929	107	0	113	119	118	113
SRR1566386	49	113	0	58	60	51
SRR2566901	58	119	58	0	67	15
SRR3664651	56	118	60	67	0	60
SRR3665129	52	113	51	15	60	0
