	ERR178926	ERR178929	SRR1566386	SRR2566901	SRR3664651	SRR3665129
ERR178926	0	2479	53	62	60	55
ERR178929	2479	0	2486	2494	2492	2487
SRR1566386	53	2486	0	66	65	57
SRR2566901	62	2494	66	0	75	16
SRR3664651	60	2492	65	75	0	67
SRR3665129	55	2487	57	16	67	0
