	ERR178926	ERR178929	SRR1566386	SRR2566901	SRR3664651	SRR3665129
ERR178926	0	2449	51	63	60	56
ERR178929	2449	0	2455	2464	2462	2457
SRR1566386	51	2455	0	64	64	56
SRR2566901	63	2464	64	0	75	16
SRR3664651	60	2462	64	75	0	67
SRR3665129	56	2457	56	16	67	0
